%YAML:1.0
---
R: !!opencv-matrix
   rows: 3
   cols: 3
   dt: d
   data: [ 9.9845309173483132e-01, 5.5475068313375724e-02,
       -3.7336846121178531e-03, -5.5502070253691853e-02,
       9.9842991131208436e-01, -7.5652095078478122e-03,
       3.3081418818912689e-03, 7.7607340483792815e-03,
       9.9996441296894145e-01 ]
T: !!opencv-matrix
   rows: 3
   cols: 1
   dt: d
   data: [ -1.1422751814540977e-01, -4.6289937397594157e-03,
       -5.3178334976718986e-03 ]
R1: !!opencv-matrix
   rows: 3
   cols: 3
   dt: d
   data: [ 9.9446547684091136e-01, 9.6114168809377162e-02,
       4.2432086039477339e-02, -9.5979765998244052e-02,
       9.9536971204271441e-01, -5.1981599558067818e-03,
       -4.2735230085976794e-02, 1.0967689302603246e-03,
       9.9908583075099822e-01 ]
R2: !!opencv-matrix
   rows: 3
   cols: 3
   dt: d
   data: [ 9.9810064202923909e-01, 4.0447360658942340e-02,
       4.6466325403956552e-02, -4.0593683042459659e-02,
       9.9917329420203072e-01, 2.2093099625354364e-03,
       -4.6338550666472703e-02, -4.0913529776442211e-03,
       9.9891741378000964e-01 ]
P1: !!opencv-matrix
   rows: 3
   cols: 4
   dt: d
   data: [ 1.0483694866117801e+03, 0., 5.4645756530761719e+02, 0., 0.,
       1.0483694866117801e+03, 3.8067487335205078e+02, 0., 0., 0., 1.,
       0. ]
P2: !!opencv-matrix
   rows: 3
   cols: 4
   dt: d
   data: [ 1.0483694866117801e+03, 0., 5.1853344726562500e+02,
       -1.1998053053204322e+02, 0., 1.0483694866117801e+03,
       3.8067487335205078e+02, 0., 0., 0., 1., 0. ]
Q: !!opencv-matrix
   rows: 4
   cols: 4
   dt: d
   data: [ 1., 0., 0., -5.4645756530761719e+02, 0., 1., 0.,
       -3.8067487335205078e+02, 0., 0., 0., 1.0483694866117801e+03, 0.,
       0., 8.7378300626183005e+00, -2.4399619809942141e+02 ]
