%YAML:1.0
---
calibration_time: "Wed Jan 24 12:57:30 2018"
image_width: 1280
image_height: 720
board_width: 8
board_height: 7
square_size: 3.4000001847743988e-02
M1: !!opencv-matrix
   rows: 3
   cols: 3
   dt: d
   data: [ 1.0067927089593968e+03, 0., 6.3007604783566285e+02, 0.,
       1.0075559201698096e+03, 3.6324723399471071e+02, 0., 0., 1. ]
D1: !!opencv-matrix
   rows: 1
   cols: 14
   dt: d
   data: [ 0., 3.5119583566370942e+01, 3.2055144351371791e-06,
       1.9272121737995719e-04, 0., 3.7129120615343753e-01,
       3.5380883094785176e+01, 1.2080327456190220e+01, 0., 0., 0., 0.,
       0., 0. ]
M2: !!opencv-matrix
   rows: 3
   cols: 3
   dt: d
   data: [ 1.0055611868926129e+03, 0., 6.2427820015131374e+02, 0.,
       1.0064221987776640e+03, 3.7674651843719636e+02, 0., 0., 1. ]
D2: !!opencv-matrix
   rows: 1
   cols: 14
   dt: d
   data: [ 0., -4.6314374629998829e+00, -8.8109782467005627e-04,
       -3.7463259928630809e-04, 0., 4.0817622129128622e-01,
       -4.7668499522526311e+00, -1.6365188492180573e+00, 0., 0., 0., 0.,
       0., 0. ]
