%YAML:1.0
---
R: !!opencv-matrix
   rows: 3
   cols: 3
   dt: d
   data: [ 9.9859757209878786e-01, -5.2715796570039518e-02,
       -4.8922173288241675e-03, 5.2735550069456953e-02,
       9.9860049944448503e-01, 4.0005334765350030e-03,
       4.6744793590341232e-03, -4.2529167886626532e-03,
       9.9998003077137032e-01 ]
T: !!opencv-matrix
   rows: 3
   cols: 1
   dt: d
   data: [ -1.1008503180852636e-01, -8.5263781164610399e-03,
       -1.1818023999986289e-03 ]
R1: !!opencv-matrix
   rows: 3
   cols: 3
   dt: d
   data: [ 9.9968081472610393e-01, 2.4507999195156584e-02,
       6.1340560808774546e-03, -2.4520298625013915e-02,
       9.9969745381619635e-01, 1.9379857466427497e-03,
       -6.0847040925000057e-03, -2.0877760570171024e-03,
       9.9997930856955353e-01 ]
R2: !!opencv-matrix
   rows: 3
   cols: 3
   dt: d
   data: [ 9.9695686662386018e-01, 7.7216957391829183e-02,
       1.0702690441334982e-02, -7.7195239328488277e-02,
       9.9701303821523279e-01, -2.4283026681557488e-03,
       -1.0858228057653971e-02, 1.5947162691813323e-03,
       9.9993977606827333e-01 ]
P1: !!opencv-matrix
   rows: 3
   cols: 4
   dt: d
   data: [ 9.8888609848310830e+02, 0., 5.9282324218750000e+02, 0., 0.,
       9.8888609848310830e+02, 3.3678851699829102e+02, 0., 0., 0., 1.,
       0. ]
P2: !!opencv-matrix
   rows: 3
   cols: 4
   dt: d
   data: [ 9.8888609848310830e+02, 0., 5.6365684509277344e+02,
       -1.0919384905304500e+02, 0., 9.8888609848310830e+02,
       3.3678851699829102e+02, 0., 0., 0., 1., 0. ]
Q: !!opencv-matrix
   rows: 4
   cols: 4
   dt: d
   data: [ 1., 0., 0., -5.9282324218750000e+02, 0., 1., 0.,
       -3.3678851699829102e+02, 0., 0., 0., 9.8888609848310830e+02, 0.,
       0., 9.0562436168242400e+00, -2.6413799751487846e+02 ]
