%YAML:1.0
---
calibration_time: "Wed Jan 24 13:04:04 2018"
image_width: 1280
image_height: 720
board_width: 8
board_height: 7
square_size: 3.4000001847743988e-02
M1: !!opencv-matrix
   rows: 3
   cols: 3
   dt: d
   data: [ 9.8362813855044465e+02, 0., 6.2851635852409822e+02, 0.,
       9.8376000734906165e+02, 3.3203878891835797e+02, 0., 0., 1. ]
D1: !!opencv-matrix
   rows: 1
   cols: 14
   dt: d
   data: [ 0., 8.6727953885703101e+01, 3.0060312141031264e-03,
       -1.6209764260320997e-03, 0., 3.5558706897813369e-01,
       8.7226567321196129e+01, 2.9424630747409878e+01, 0., 0., 0., 0.,
       0., 0. ]
M2: !!opencv-matrix
   rows: 3
   cols: 3
   dt: d
   data: [ 9.8230131754146851e+02, 0., 6.0874917173023869e+02, 0.,
       9.8298463233057862e+02, 3.4636553437892655e+02, 0., 0., 1. ]
D2: !!opencv-matrix
   rows: 1
   cols: 14
   dt: d
   data: [ 0., 2.4418017789760455e+01, 2.1547981435466029e-03,
       -3.1244125350100128e-04, 0., 3.3851821974180246e-01,
       2.4916803290638537e+01, 6.4681567748502209e+00, 0., 0., 0., 0.,
       0., 0. ]
